[[3.6000e+02 3.6100e+02 3.6200e+02 3.6300e+02 3.6400e+02 3.6500e+02
  3.6600e+02 3.6700e+02 3.6800e+02 3.6900e+02 3.7000e+02 3.7100e+02
  3.7200e+02 3.7300e+02 3.7400e+02 3.7500e+02 3.7600e+02 3.7700e+02
  3.7800e+02 3.7900e+02 3.8000e+02 3.8100e+02 3.8200e+02 3.8300e+02
  3.8400e+02 3.8500e+02 3.8600e+02 3.8700e+02 3.8800e+02 3.8900e+02
  3.9000e+02 3.9100e+02 3.9200e+02 3.9300e+02 3.9400e+02 3.9500e+02
  3.9600e+02 3.9700e+02 3.9800e+02 3.9900e+02 4.0000e+02 4.0100e+02
  4.0200e+02 4.0300e+02 4.0400e+02 4.0500e+02 4.0600e+02 4.0700e+02
  4.0800e+02 4.0900e+02 4.1000e+02 4.1100e+02 4.1200e+02 4.1300e+02
  4.1400e+02 4.1500e+02 4.1600e+02 4.1700e+02 4.1800e+02 4.1900e+02
  4.2000e+02 4.2100e+02 4.2200e+02 4.2300e+02 4.2400e+02 4.2500e+02
  4.2600e+02 4.2700e+02 4.2800e+02 4.2900e+02 4.3000e+02 4.3100e+02
  4.3200e+02 4.3300e+02 4.3400e+02 4.3500e+02 4.3600e+02 4.3700e+02
  4.3800e+02 4.3900e+02 4.4000e+02 4.4100e+02 4.4200e+02 4.4300e+02
  4.4400e+02 4.4500e+02 4.4600e+02 4.4700e+02 4.4800e+02 4.4900e+02
  4.5000e+02 4.5100e+02 4.5200e+02 4.5300e+02 4.5400e+02 4.5500e+02
  4.5600e+02 4.5700e+02 4.5800e+02 4.5900e+02 4.6000e+02 4.6100e+02
  4.6200e+02 4.6300e+02 4.6400e+02 4.6500e+02 4.6600e+02 4.6700e+02
  4.6800e+02 4.6900e+02 4.7000e+02 4.7100e+02 4.7200e+02 4.7300e+02
  4.7400e+02 4.7500e+02 4.7600e+02 4.7700e+02 4.7800e+02 4.7900e+02
  4.8000e+02 4.8100e+02 4.8200e+02 4.8300e+02 4.8400e+02 4.8500e+02
  4.8600e+02 4.8700e+02 4.8800e+02 4.8900e+02 4.9000e+02 4.9100e+02
  4.9200e+02 4.9300e+02 4.9400e+02 4.9500e+02 4.9600e+02 4.9700e+02
  4.9800e+02 4.9900e+02 5.0000e+02 5.0100e+02 5.0200e+02 5.0300e+02
  5.0400e+02 5.0500e+02 5.0600e+02 5.0700e+02 5.0800e+02 5.0900e+02
  5.1000e+02 5.1100e+02 5.1200e+02 5.1300e+02 5.1400e+02 5.1500e+02
  5.1600e+02 5.1700e+02 5.1800e+02 5.1900e+02 5.2000e+02 5.2100e+02
  5.2200e+02 5.2300e+02 5.2400e+02 5.2500e+02 5.2600e+02 5.2700e+02
  5.2800e+02 5.2900e+02 5.3000e+02 5.3100e+02 5.3200e+02 5.3300e+02
  5.3400e+02 5.3500e+02 5.3600e+02 5.3700e+02 5.3800e+02 5.3900e+02
  5.4000e+02 5.4100e+02 5.4200e+02 5.4300e+02 5.4400e+02 5.4500e+02
  5.4600e+02 5.4700e+02 5.4800e+02 5.4900e+02 5.5000e+02 5.5100e+02
  5.5200e+02 5.5300e+02 5.5400e+02 5.5500e+02 5.5600e+02 5.5700e+02
  5.5800e+02 5.5900e+02 5.6000e+02 5.6100e+02 5.6200e+02 5.6300e+02
  5.6400e+02 5.6500e+02 5.6600e+02 5.6700e+02 5.6800e+02 5.6900e+02
  5.7000e+02 5.7100e+02 5.7200e+02 5.7300e+02 5.7400e+02 5.7500e+02
  5.7600e+02 5.7700e+02 5.7800e+02 5.7900e+02 5.8000e+02 5.8100e+02
  5.8200e+02 5.8300e+02 5.8400e+02 5.8500e+02 5.8600e+02 5.8700e+02
  5.8800e+02 5.8900e+02 5.9000e+02 5.9100e+02 5.9200e+02 5.9300e+02
  5.9400e+02 5.9500e+02 5.9600e+02 5.9700e+02 5.9800e+02 5.9900e+02
  6.0000e+02 6.0100e+02 6.0200e+02 6.0300e+02 6.0400e+02 6.0500e+02
  6.0600e+02 6.0700e+02 6.0800e+02 6.0900e+02 6.1000e+02 6.1100e+02
  6.1200e+02 6.1300e+02 6.1400e+02 6.1500e+02 6.1600e+02 6.1700e+02
  6.1800e+02 6.1900e+02 6.2000e+02 6.2100e+02 6.2200e+02 6.2300e+02
  6.2400e+02 6.2500e+02 6.2600e+02 6.2700e+02 6.2800e+02 6.2900e+02
  6.3000e+02 6.3100e+02 6.3200e+02 6.3300e+02 6.3400e+02 6.3500e+02
  6.3600e+02 6.3700e+02 6.3800e+02 6.3900e+02 6.4000e+02 6.4100e+02
  6.4200e+02 6.4300e+02 6.4400e+02 6.4500e+02 6.4600e+02 6.4700e+02
  6.4800e+02 6.4900e+02 6.5000e+02 6.5100e+02 6.5200e+02 6.5300e+02
  6.5400e+02 6.5500e+02 6.5600e+02 6.5700e+02 6.5800e+02 6.5900e+02
  6.6000e+02 6.6100e+02 6.6200e+02 6.6300e+02 6.6400e+02 6.6500e+02
  6.6600e+02 6.6700e+02 6.6800e+02 6.6900e+02 6.7000e+02 6.7100e+02
  6.7200e+02 6.7300e+02 6.7400e+02 6.7500e+02 6.7600e+02 6.7700e+02
  6.7800e+02 6.7900e+02 6.8000e+02 6.8100e+02 6.8200e+02 6.8300e+02
  6.8400e+02 6.8500e+02 6.8600e+02 6.8700e+02 6.8800e+02 6.8900e+02
  6.9000e+02 6.9100e+02 6.9200e+02 6.9300e+02 6.9400e+02 6.9500e+02
  6.9600e+02 6.9700e+02 6.9800e+02 6.9900e+02 7.0000e+02 7.0100e+02
  7.0200e+02 7.0300e+02 7.0400e+02 7.0500e+02 7.0600e+02 7.0700e+02
  7.0800e+02 7.0900e+02 7.1000e+02 7.1100e+02 7.1200e+02 7.1300e+02
  7.1400e+02 7.1500e+02 7.1600e+02 7.1700e+02 7.1800e+02 7.1900e+02
  7.2000e+02 7.2100e+02 7.2200e+02 7.2300e+02 7.2400e+02 7.2500e+02
  7.2600e+02 7.2700e+02 7.2800e+02 7.2900e+02 7.3000e+02 7.3100e+02
  7.3200e+02 7.3300e+02 7.3400e+02 7.3500e+02 7.3600e+02 7.3700e+02
  7.3800e+02 7.3900e+02 7.4000e+02 7.4100e+02 7.4200e+02 7.4300e+02
  7.4400e+02 7.4500e+02 7.4600e+02 7.4700e+02 7.4800e+02 7.4900e+02
  7.5000e+02 7.5100e+02 7.5200e+02 7.5300e+02 7.5400e+02 7.5500e+02
  7.5600e+02 7.5700e+02 7.5800e+02 7.5900e+02 7.6000e+02 7.6100e+02
  7.6200e+02 7.6300e+02 7.6400e+02 7.6500e+02 7.6600e+02 7.6700e+02
  7.6800e+02 7.6900e+02 7.7000e+02 7.7100e+02 7.7200e+02 7.7300e+02
  7.7400e+02 7.7500e+02 7.7600e+02 7.7700e+02 7.7800e+02 7.7900e+02
  7.8000e+02 7.8100e+02 7.8200e+02 7.8300e+02 7.8400e+02 7.8500e+02
  7.8600e+02 7.8700e+02 7.8800e+02 7.8900e+02 7.9000e+02 7.9100e+02
  7.9200e+02 7.9300e+02 7.9400e+02 7.9500e+02 7.9600e+02 7.9700e+02
  7.9800e+02 7.9900e+02 8.0000e+02 8.0100e+02 8.0200e+02 8.0300e+02
  8.0400e+02 8.0500e+02 8.0600e+02 8.0700e+02 8.0800e+02 8.0900e+02
  8.1000e+02 8.1100e+02 8.1200e+02 8.1300e+02 8.1400e+02 8.1500e+02
  8.1600e+02 8.1700e+02 8.1800e+02 8.1900e+02 8.2000e+02 8.2100e+02
  8.2200e+02 8.2300e+02 8.2400e+02 8.2500e+02 8.2600e+02 8.2700e+02
  8.2800e+02 8.2900e+02 8.3000e+02]
 [3.7341e-05 0.0000e+00 4.5375e-05 3.3079e-05 0.0000e+00 3.1692e-07
  1.9070e-07 8.7275e-06 8.5897e-06 1.3616e-05 1.1817e-06 0.0000e+00
  3.9247e-07 8.2691e-08 2.1220e-06 6.0066e-07 4.8603e-06 5.0481e-06
  5.5638e-06 7.4997e-07 3.5690e-06 4.9278e-06 5.6154e-07 3.0164e-07
  7.7679e-06 2.2351e-06 7.6548e-06 3.0229e-06 3.6414e-06 6.8835e-06
  2.1425e-06 6.0160e-06 0.0000e+00 0.0000e+00 0.0000e+00 3.4733e-06
  2.7213e-06 1.8071e-08 2.8836e-06 0.0000e+00 1.0939e-06 2.6634e-06
  3.5537e-07 0.0000e+00 0.0000e+00 0.0000e+00 0.0000e+00 0.0000e+00
  4.6959e-06 2.1740e-06 4.9506e-06 5.0750e-06 1.3228e-06 2.2919e-06
  6.3921e-06 1.0956e-06 5.3076e-06 4.6518e-06 4.8863e-06 9.0369e-06
  7.9197e-06 1.3336e-05 1.4619e-05 1.6997e-05 1.7144e-05 2.2099e-05
  3.2547e-05 3.6152e-05 3.8641e-05 4.6975e-05 5.2676e-05 6.4002e-05
  7.6475e-05 9.0551e-05 1.0493e-04 1.1925e-04 1.4433e-04 1.6293e-04
  1.9109e-04 2.2190e-04 2.4662e-04 2.8291e-04 3.2367e-04 3.6397e-04
  4.0661e-04 4.5680e-04 5.1823e-04 5.8435e-04 6.5462e-04 7.3035e-04
  8.1509e-04 9.0334e-04 1.0033e-03 1.1007e-03 1.2107e-03 1.3121e-03
  1.4147e-03 1.4909e-03 1.5549e-03 1.6034e-03 1.6252e-03 1.6474e-03
  1.6114e-03 1.5667e-03 1.5075e-03 1.4346e-03 1.3599e-03 1.2719e-03
  1.1835e-03 1.0916e-03 1.0184e-03 9.3498e-04 8.7100e-04 8.1265e-04
  7.4904e-04 6.9943e-04 6.4666e-04 6.0590e-04 5.6146e-04 5.2484e-04
  4.8289e-04 4.4664e-04 4.1118e-04 3.7408e-04 3.5001e-04 3.2836e-04
  3.0997e-04 2.8122e-04 2.7686e-04 2.6029e-04 2.4934e-04 2.3545e-04
  2.3689e-04 2.3248e-04 2.2903e-04 2.2814e-04 2.3810e-04 2.4478e-04
  2.5943e-04 2.7063e-04 2.8335e-04 3.1711e-04 3.3774e-04 3.5882e-04
  3.9117e-04 4.3004e-04 4.6324e-04 5.0631e-04 5.5468e-04 6.1729e-04
  6.7944e-04 7.4287e-04 8.1431e-04 8.8357e-04 9.5673e-04 1.0307e-03
  1.1109e-03 1.1876e-03 1.2512e-03 1.3124e-03 1.3688e-03 1.4173e-03
  1.4502e-03 1.4742e-03 1.4665e-03 1.4769e-03 1.4565e-03 1.4333e-03
  1.4057e-03 1.3615e-03 1.3078e-03 1.2483e-03 1.1886e-03 1.1363e-03
  1.0698e-03 1.0174e-03 9.6449e-04 9.0097e-04 8.5113e-04 8.1080e-04
  7.7148e-04 7.2574e-04 6.7662e-04 6.4665e-04 6.1323e-04 5.8172e-04
  5.4612e-04 5.1876e-04 4.8278e-04 4.5722e-04 4.3449e-04 3.9753e-04
  3.7396e-04 3.5369e-04 3.2919e-04 3.0912e-04 2.8420e-04 2.7882e-04
  2.5544e-04 2.4441e-04 2.2620e-04 2.1762e-04 2.0815e-04 1.9506e-04
  1.9670e-04 1.9223e-04 1.9224e-04 1.9461e-04 1.9606e-04 1.9109e-04
  1.9295e-04 1.9909e-04 2.0874e-04 2.1741e-04 2.2922e-04 2.5038e-04
  2.6549e-04 2.8178e-04 3.1334e-04 3.4333e-04 3.8331e-04 4.1905e-04
  4.6317e-04 5.2157e-04 5.9025e-04 6.5831e-04 7.3326e-04 8.2196e-04
  9.1960e-04 1.0299e-03 1.1306e-03 1.2397e-03 1.3148e-03 1.3658e-03
  1.3866e-03 1.3572e-03 1.3023e-03 1.1927e-03 1.0559e-03 9.3090e-04
  8.1082e-04 6.9878e-04 5.9763e-04 5.2265e-04 4.6950e-04 4.3167e-04
  4.1122e-04 3.9716e-04 3.8304e-04 3.8964e-04 3.9091e-04 4.1282e-04
  4.3628e-04 4.7126e-04 5.1055e-04 5.5954e-04 6.0386e-04 6.7274e-04
  7.4075e-04 8.2389e-04 8.9299e-04 9.9460e-04 1.0934e-03 1.2073e-03
  1.3252e-03 1.4667e-03 1.5806e-03 1.7228e-03 1.7994e-03 1.8492e-03
  1.8583e-03 1.8095e-03 1.6829e-03 1.5114e-03 1.3100e-03 1.1128e-03
  9.2307e-04 7.5864e-04 6.2922e-04 5.1525e-04 4.1682e-04 3.5211e-04
  2.9192e-04 2.4921e-04 2.0617e-04 1.7719e-04 1.4800e-04 1.3142e-04
  1.1281e-04 9.6219e-05 8.1343e-05 6.7248e-05 6.0386e-05 4.7892e-05
  4.4773e-05 4.1848e-05 3.7238e-05 2.9077e-05 2.5955e-05 2.3737e-05
  2.2289e-05 1.8355e-05 1.8629e-05 1.6922e-05 1.2219e-05 1.5358e-05
  1.4575e-05 1.0993e-05 1.1424e-05 1.1595e-05 4.2035e-06 7.7106e-06
  5.6612e-06 9.1912e-06 7.8405e-06 4.4067e-06 7.2559e-06 6.2584e-06
  8.1942e-06 7.0746e-06 2.7425e-06 4.4528e-06 5.5710e-08 3.2777e-06
  9.4579e-06 3.3501e-06 3.7265e-06 4.2959e-06 5.9702e-06 1.3710e-06
  1.1903e-06 5.6722e-07 4.7830e-06 3.2435e-06 6.6131e-07 1.6519e-06
  1.4162e-06 4.8962e-06 1.3876e-06 1.5512e-06 3.5956e-07 2.2201e-06
  5.4293e-07 0.0000e+00 0.0000e+00 3.1356e-06 1.4979e-06 1.7548e-06
  2.9402e-07 1.2763e-06 2.0203e-06 3.6636e-06 3.5058e-06 3.4725e-06
  0.0000e+00 0.0000e+00 0.0000e+00 0.0000e+00 2.7610e-06 3.3013e-06
  1.3753e-07 4.7554e-06 8.2353e-07 0.0000e+00 9.7019e-07 1.4060e-06
  7.9797e-07 2.5702e-08 0.0000e+00 3.9788e-07 3.5397e-07 3.2112e-06
  2.1947e-06 4.1253e-07 4.2023e-06 1.8241e-06 0.0000e+00 4.6371e-07
  4.4548e-06 3.9903e-06 3.2076e-07 5.3605e-06 5.1490e-06 2.9125e-06
  4.0522e-06 1.6902e-07 3.7680e-06 0.0000e+00 0.0000e+00 7.7965e-07
  9.2396e-08 9.9586e-07 1.2061e-07 2.3572e-07 8.8851e-09 0.0000e+00
  0.0000e+00 0.0000e+00 0.0000e+00 0.0000e+00 0.0000e+00 0.0000e+00
  1.1144e-06 1.5864e-06 2.6509e-08 6.7707e-08 2.6231e-06 3.9987e-07
  6.1802e-08 3.1881e-07 2.2804e-06 4.9390e-06 6.2043e-06 0.0000e+00
  0.0000e+00 4.4017e-06 5.3099e-07 3.1158e-06 1.8424e-06 0.0000e+00
  2.3046e-06 1.2555e-06 4.2608e-06 6.0797e-06 2.8569e-06 0.0000e+00
  0.0000e+00 0.0000e+00 0.0000e+00 1.7217e-06 1.0572e-06 3.4061e-06
  0.0000e+00 0.0000e+00 1.0353e-07 7.4386e-07 1.6758e-07 0.0000e+00
  0.0000e+00 0.0000e+00 0.0000e+00 0.0000e+00 1.4789e-06 2.8824e-06
  4.1837e-06 3.9775e-06 1.2034e-07 0.0000e+00 1.4568e-06 1.3327e-06
  0.0000e+00 2.8180e-06 2.4938e-06 1.7719e-06 5.6532e-06 3.5011e-08
  1.4499e-06 2.3280e-06 2.9520e-07 0.0000e+00 0.0000e+00 0.0000e+00
  3.2943e-07 2.6519e-06 3.9177e-06 0.0000e+00 0.0000e+00 0.0000e+00
  2.9074e-06 4.4923e-07 1.4349e-06]]